MAX DIAMETER:	 23
Finding CENTROID 
6.0 0.5 0.0 
Finding CENTROID_OF_COMPONENT 
6.0 0.5 0.0 
Checking IS_CONNECTED
Is connected = true
Number of connected components:	26
Mesh type: 	2
Checking IS_CONNECTED
Is connected = false
Checking IS_CONNECTED
Is connected = false
Finding CENTROID 
-20.416666 -10.416667 0.0 
-18.75 -9.583333 0.0 
-17.083334 -8.75 0.0 
-16.25 -16.25 0.0 
-15.416667 -7.9166665 0.0 
-13.75 -7.0833335 0.0 
-12.083333 -6.25 0.0 
-10.416667 -5.4166665 0.0 
-8.75 -4.5833335 0.0 
-7.0833335 -3.75 0.0 
-5.4166665 -2.9166667 0.0 
-3.75 -2.0833333 0.0 
-2.0833333 -1.25 0.0 
-0.625 -1.25 0.0 
0.0 -30.0 0.0 
0.0 -27.5 0.0 
0.0 -25.0 0.0 
0.0 -22.5 0.0 
0.0 -20.0 0.0 
0.0 -17.5 0.0 
0.0 -15.0 0.0 
0.0 -12.5 0.0 
0.0 -10.0 0.0 
0.0 -7.5 0.0 
0.0 -5.0 0.0 
6.0 0.5 0.0 
Mesh type: 	2
Finding CLOSEST_COMPONENTS 
-2.5 0.0 0.0 
-2.5 0.0 0.0 
Finding CENTROID_OF_COMPONENT 
-0.9375 -0.3125 0.0 
MAX DIAMETER:	 23
Getting boundary edges
0.0 0.0 0.0 	1.0 0.0 0.0 	
0.0 1.0 0.0 	0.0 0.0 0.0 	
0.0 1.0 0.0 	1.0 1.0 0.0 	
1.0 0.0 0.0 	2.0 0.0 0.0 	
1.0 1.0 0.0 	2.0 1.0 0.0 	
2.0 0.0 0.0 	3.0 0.0 0.0 	
2.0 1.0 0.0 	3.0 1.0 0.0 	
3.0 0.0 0.0 	4.0 0.0 0.0 	
3.0 1.0 0.0 	4.0 1.0 0.0 	
4.0 0.0 0.0 	5.0 0.0 0.0 	
4.0 1.0 0.0 	5.0 1.0 0.0 	
5.0 0.0 0.0 	6.0 0.0 0.0 	
5.0 1.0 0.0 	6.0 1.0 0.0 	
6.0 0.0 0.0 	7.0 0.0 0.0 	
6.0 1.0 0.0 	7.0 1.0 0.0 	
7.0 0.0 0.0 	8.0 0.0 0.0 	
7.0 1.0 0.0 	8.0 1.0 0.0 	
8.0 0.0 0.0 	9.0 0.0 0.0 	
8.0 1.0 0.0 	9.0 1.0 0.0 	
9.0 0.0 0.0 	10.0 0.0 0.0 	
9.0 1.0 0.0 	10.0 1.0 0.0 	
10.0 0.0 0.0 	11.0 0.0 0.0 	
10.0 1.0 0.0 	11.0 1.0 0.0 	
11.0 0.0 0.0 	12.0 0.0 0.0 	
11.0 1.0 0.0 	12.0 1.0 0.0 	
12.0 1.0 0.0 	12.0 0.0 0.0 	
-2.5 0.0 0.0 	-3.75 0.0 0.0 	
-3.75 0.0 0.0 	-5.0 0.0 0.0 	
-5.0 0.0 0.0 	-6.25 0.0 0.0 	
-6.25 0.0 0.0 	-7.5 0.0 0.0 	
-7.5 0.0 0.0 	-8.75 0.0 0.0 	
-8.75 0.0 0.0 	-10.0 0.0 0.0 	
-10.0 0.0 0.0 	-11.25 0.0 0.0 	
-11.25 0.0 0.0 	-12.5 0.0 0.0 	
-12.5 0.0 0.0 	-13.75 0.0 0.0 	
-13.75 0.0 0.0 	-15.0 0.0 0.0 	
-15.0 0.0 0.0 	-16.25 0.0 0.0 	
-16.25 0.0 0.0 	-17.5 0.0 0.0 	
-17.5 0.0 0.0 	-18.75 0.0 0.0 	
-18.75 0.0 0.0 	-20.0 0.0 0.0 	
-20.0 0.0 0.0 	-21.25 0.0 0.0 	
-21.25 0.0 0.0 	-22.5 0.0 0.0 	
-22.5 0.0 0.0 	-23.75 0.0 0.0 	
-23.75 0.0 0.0 	-25.0 0.0 0.0 	
-25.0 0.0 0.0 	-26.25 0.0 0.0 	
-26.25 0.0 0.0 	-27.5 0.0 0.0 	
-27.5 0.0 0.0 	-28.75 0.0 0.0 	
-28.75 0.0 0.0 	-30.0 0.0 0.0 	
-30.0 0.0 0.0 	-31.25 0.0 0.0 	
-31.25 0.0 0.0 	-32.5 0.0 0.0 	
0.0 1.25 0.0 	-1.25 0.0 0.0 	
0.0 -2.5 0.0 	-1.25 0.0 0.0 	
-2.5 0.0 0.0 	0.0 1.25 0.0 	
-2.5 0.0 0.0 	0.0 -2.5 0.0 	
0.0 -3.75 0.0 	-2.5 0.0 0.0 	
-3.75 0.0 0.0 	0.0 -3.75 0.0 	
0.0 -5.0 0.0 	-3.75 0.0 0.0 	
-5.0 0.0 0.0 	0.0 -5.0 0.0 	
0.0 -6.25 0.0 	-5.0 0.0 0.0 	
-6.25 0.0 0.0 	0.0 -6.25 0.0 	
0.0 -7.5 0.0 	-6.25 0.0 0.0 	
-7.5 0.0 0.0 	0.0 -7.5 0.0 	
0.0 -8.75 0.0 	-7.5 0.0 0.0 	
-8.75 0.0 0.0 	0.0 -8.75 0.0 	
0.0 -10.0 0.0 	-8.75 0.0 0.0 	
-10.0 0.0 0.0 	0.0 -10.0 0.0 	
0.0 -11.25 0.0 	-10.0 0.0 0.0 	
-11.25 0.0 0.0 	0.0 -11.25 0.0 	
0.0 -12.5 0.0 	-11.25 0.0 0.0 	
-12.5 0.0 0.0 	0.0 -12.5 0.0 	
0.0 -13.75 0.0 	-12.5 0.0 0.0 	
-13.75 0.0 0.0 	0.0 -13.75 0.0 	
0.0 -15.0 0.0 	-13.75 0.0 0.0 	
-15.0 0.0 0.0 	0.0 -15.0 0.0 	
0.0 -16.25 0.0 	-15.0 0.0 0.0 	
-16.25 0.0 0.0 	0.0 -16.25 0.0 	
0.0 -17.5 0.0 	-16.25 0.0 0.0 	
-17.5 0.0 0.0 	0.0 -17.5 0.0 	
0.0 -18.75 0.0 	-17.5 0.0 0.0 	
-18.75 0.0 0.0 	0.0 -18.75 0.0 	
0.0 -20.0 0.0 	-18.75 0.0 0.0 	
-20.0 0.0 0.0 	0.0 -20.0 0.0 	
0.0 -21.25 0.0 	-20.0 0.0 0.0 	
-21.25 0.0 0.0 	0.0 -21.25 0.0 	
0.0 -22.5 0.0 	-21.25 0.0 0.0 	
-22.5 0.0 0.0 	0.0 -22.5 0.0 	
0.0 -23.75 0.0 	-22.5 0.0 0.0 	
-23.75 0.0 0.0 	0.0 -23.75 0.0 	
0.0 -25.0 0.0 	-23.75 0.0 0.0 	
-25.0 0.0 0.0 	0.0 -25.0 0.0 	
0.0 -26.25 0.0 	-25.0 0.0 0.0 	
-26.25 0.0 0.0 	0.0 -26.25 0.0 	
0.0 -27.5 0.0 	-26.25 0.0 0.0 	
-27.5 0.0 0.0 	0.0 -27.5 0.0 	
0.0 -28.75 0.0 	-27.5 0.0 0.0 	
-28.75 0.0 0.0 	0.0 -28.75 0.0 	
0.0 -30.0 0.0 	-28.75 0.0 0.0 	
-30.0 0.0 0.0 	0.0 -30.0 0.0 	
0.0 -31.25 0.0 	-30.0 0.0 0.0 	
-31.25 0.0 0.0 	0.0 -31.25 0.0 	
0.0 -32.5 0.0 	-31.25 0.0 0.0 	
-32.5 0.0 0.0 	0.0 -32.5 0.0 	
