Mesh type: 	1
Mesh type: 	2
Checking IS_CONNECTED
Is connected = false
Mesh type: 	3
Number of connected components:	2
Number of connected components:	1
Checking IS_CONNECTED
Is connected = true
Checking IS_CONNECTED
Is connected = true
Checking IS_CONNECTED
Is connected = true
Checking IS_CONNECTED
Is connected = false
Checking IS_CONNECTED
Is connected = false
Checking IS_CONNECTED
Is connected = true
Getting boundary edges
1.0 0.0 0.0 	10.0 10.0 10.0 	
0.0 1.0 0.0 	11.0 10.0 10.0 	
Finding CENTROID 
5.3 5.3 5.4 
Mesh type: 	3
Number of connected components:	1
Getting boundary edges
101.0 14.0 12.0 	101.0 15.0 21.0 	
1.0 0.0 0.0 	10.0 10.0 10.0 	
0.0 1.0 0.0 	11.0 10.0 10.0 	
15.0 16.0 10.0 	101.0 14.0 12.0 	
15.0 16.0 10.0 	101.0 15.0 21.0 	
Number of connected components:	2
Getting boundary edges
101.0 14.0 10.0 	101.0 15.0 11.0 	
111.0 114.0 110.0 	115.0 106.0 110.0 	
101.0 14.0 12.0 	101.0 15.0 21.0 	
1.0 0.0 0.0 	10.0 10.0 10.0 	
0.0 1.0 0.0 	11.0 10.0 10.0 	
15.0 16.0 10.0 	101.0 14.0 12.0 	
15.0 16.0 10.0 	101.0 15.0 21.0 	
14.0 16.0 10.0 	101.0 15.0 11.0 	
14.0 16.0 10.0 	101.0 14.0 10.0 	
101.0 15.0 10.0 	115.0 106.0 110.0 	
101.0 15.0 10.0 	111.0 114.0 110.0 	
Checking IS_CONNECTED
Is connected = false
Finding CLOSEST_COMPONENTS 
14.0 16.0 10.0 
15.0 16.0 10.0 
Checking IS_CONNECTED
Is connected = false
Checking IS_CONNECTED
Is connected = false
Checking IS_CONNECTED
Is connected = false
Getting boundary edges
101.0 14.0 10.0 	101.0 15.0 11.0 	
111.0 114.0 110.0 	115.0 106.0 110.0 	
101.0 14.0 12.0 	101.0 15.0 21.0 	
1.0 0.0 0.0 	10.0 10.0 10.0 	
0.0 1.0 0.0 	11.0 10.0 10.0 	
15.0 16.0 10.0 	101.0 14.0 12.0 	
15.0 16.0 10.0 	101.0 15.0 21.0 	
14.0 16.0 10.0 	101.0 15.0 11.0 	
14.0 16.0 10.0 	101.0 14.0 10.0 	
101.0 15.0 10.0 	115.0 106.0 110.0 	
101.0 15.0 10.0 	111.0 114.0 110.0 	
Finding CENTROID 
5.3 5.3 5.4 
72.0 15.0 10.333333 
72.333336 15.0 14.333333 
109.0 78.333336 76.666664 
Number of connected components:	4
Getting boundary edges
101.0 14.0 10.0 	101.0 15.0 11.0 	
111.0 114.0 110.0 	115.0 106.0 110.0 	
101.0 14.0 12.0 	101.0 15.0 21.0 	
1.0 0.0 0.0 	10.0 10.0 10.0 	
0.0 1.0 0.0 	11.0 10.0 10.0 	
15.0 16.0 10.0 	101.0 14.0 12.0 	
15.0 16.0 10.0 	101.0 15.0 21.0 	
14.0 16.0 10.0 	101.0 15.0 11.0 	
14.0 16.0 10.0 	101.0 14.0 10.0 	
101.0 15.0 10.0 	115.0 106.0 110.0 	
101.0 15.0 10.0 	111.0 114.0 110.0 	
Getting boundary edges
101.0 14.0 10.0 	101.0 15.0 11.0 	
111.0 114.0 110.0 	115.0 106.0 110.0 	
101.0 14.0 12.0 	101.0 15.0 21.0 	
1.0 0.0 0.0 	10.0 10.0 10.0 	
0.0 1.0 0.0 	11.0 10.0 10.0 	
20.0 -21.0 20.0 	20.0 20.0 23.0 	
-21.0 20.0 20.0 	20.0 20.0 23.0 	
-21.0 20.0 20.0 	20.0 -21.0 20.0 	
15.0 16.0 10.0 	101.0 14.0 12.0 	
15.0 16.0 10.0 	101.0 15.0 21.0 	
14.0 16.0 10.0 	101.0 15.0 11.0 	
14.0 16.0 10.0 	101.0 14.0 10.0 	
101.0 15.0 10.0 	115.0 106.0 110.0 	
101.0 15.0 10.0 	111.0 114.0 110.0 	
Getting boundary edges
101.0 14.0 10.0 	101.0 15.0 11.0 	
111.0 114.0 110.0 	115.0 106.0 110.0 	
101.0 14.0 12.0 	101.0 15.0 21.0 	
1.0 0.0 0.0 	10.0 10.0 10.0 	
0.0 1.0 0.0 	11.0 10.0 10.0 	
-21.0 20.0 20.0 	20.0 21.0 20.0 	
20.0 -21.0 20.0 	20.0 20.0 23.0 	
-21.0 20.0 20.0 	20.0 20.0 23.0 	
20.0 -21.0 20.0 	20.0 21.0 20.0 	
15.0 16.0 10.0 	101.0 14.0 12.0 	
15.0 16.0 10.0 	101.0 15.0 21.0 	
14.0 16.0 10.0 	101.0 15.0 11.0 	
14.0 16.0 10.0 	101.0 14.0 10.0 	
101.0 15.0 10.0 	115.0 106.0 110.0 	
101.0 15.0 10.0 	111.0 114.0 110.0 	
Getting boundary edges
101.0 14.0 10.0 	101.0 15.0 11.0 	
20.0 20.0 23.0 	20.0 21.0 20.0 	
111.0 114.0 110.0 	115.0 106.0 110.0 	
101.0 14.0 12.0 	101.0 15.0 21.0 	
1.0 0.0 0.0 	10.0 10.0 10.0 	
0.0 1.0 0.0 	11.0 10.0 10.0 	
20.0 -21.0 20.0 	20.0 20.0 23.0 	
20.0 -21.0 20.0 	20.0 21.0 20.0 	
15.0 16.0 10.0 	101.0 14.0 12.0 	
15.0 16.0 10.0 	101.0 15.0 21.0 	
14.0 16.0 10.0 	101.0 15.0 11.0 	
14.0 16.0 10.0 	101.0 14.0 10.0 	
101.0 15.0 10.0 	115.0 106.0 110.0 	
101.0 15.0 10.0 	111.0 114.0 110.0 	
Getting boundary edges
20.0 21.0 20.0 	21.0 20.0 20.0 	
101.0 14.0 10.0 	101.0 15.0 11.0 	
20.0 20.0 23.0 	20.0 21.0 20.0 	
111.0 114.0 110.0 	115.0 106.0 110.0 	
101.0 14.0 12.0 	101.0 15.0 21.0 	
1.0 0.0 0.0 	10.0 10.0 10.0 	
0.0 1.0 0.0 	11.0 10.0 10.0 	
20.0 -21.0 20.0 	21.0 20.0 20.0 	
20.0 -21.0 20.0 	20.0 20.0 23.0 	
15.0 16.0 10.0 	101.0 14.0 12.0 	
15.0 16.0 10.0 	101.0 15.0 21.0 	
14.0 16.0 10.0 	101.0 15.0 11.0 	
14.0 16.0 10.0 	101.0 14.0 10.0 	
101.0 15.0 10.0 	115.0 106.0 110.0 	
101.0 15.0 10.0 	111.0 114.0 110.0 	
Getting boundary edges
20.0 21.0 20.0 	21.0 20.0 20.0 	
101.0 14.0 10.0 	101.0 15.0 11.0 	
20.0 20.0 23.0 	21.0 20.0 20.0 	
20.0 20.0 23.0 	20.0 21.0 20.0 	
111.0 114.0 110.0 	115.0 106.0 110.0 	
101.0 14.0 12.0 	101.0 15.0 21.0 	
1.0 0.0 0.0 	10.0 10.0 10.0 	
0.0 1.0 0.0 	11.0 10.0 10.0 	
15.0 16.0 10.0 	101.0 14.0 12.0 	
15.0 16.0 10.0 	101.0 15.0 21.0 	
14.0 16.0 10.0 	101.0 15.0 11.0 	
14.0 16.0 10.0 	101.0 14.0 10.0 	
101.0 15.0 10.0 	115.0 106.0 110.0 	
101.0 15.0 10.0 	111.0 114.0 110.0 	
Getting boundary edges
101.0 14.0 10.0 	101.0 15.0 11.0 	
111.0 114.0 110.0 	115.0 106.0 110.0 	
101.0 14.0 12.0 	101.0 15.0 21.0 	
1.0 0.0 0.0 	10.0 10.0 10.0 	
0.0 1.0 0.0 	11.0 10.0 10.0 	
15.0 16.0 10.0 	101.0 14.0 12.0 	
15.0 16.0 10.0 	101.0 15.0 21.0 	
14.0 16.0 10.0 	101.0 15.0 11.0 	
14.0 16.0 10.0 	101.0 14.0 10.0 	
101.0 15.0 10.0 	115.0 106.0 110.0 	
101.0 15.0 10.0 	111.0 114.0 110.0 	
Finding CENTROID 
5.3 5.3 5.4 
12.0 12.0 20.6 
72.0 15.0 10.333333 
72.333336 15.0 14.333333 
109.0 78.333336 76.666664 
MAX DIAMETER:	 7
MAX DIAMETER:	 7
Getting boundary edges
37.0 0.0 0.0 	37.0 1.0 0.0 	
36.0 0.0 0.0 	37.0 0.0 0.0 	
35.0 1.0 0.0 	36.0 1.0 0.0 	
35.0 0.0 0.0 	36.0 0.0 0.0 	
34.0 1.0 0.0 	35.0 1.0 0.0 	
36.0 1.0 0.0 	37.0 1.0 0.0 	
33.0 0.0 0.0 	34.0 0.0 0.0 	
34.0 0.0 0.0 	35.0 0.0 0.0 	
33.0 1.0 0.0 	34.0 1.0 0.0 	
30.0 0.0 0.0 	31.0 0.0 0.0 	
30.0 0.0 0.0 	30.0 1.0 0.0 	
30.0 1.0 0.0 	31.0 1.0 0.0 	
31.0 0.0 0.0 	32.0 0.0 0.0 	
31.0 1.0 0.0 	32.0 1.0 0.0 	
32.0 0.0 0.0 	33.0 0.0 0.0 	
32.0 1.0 0.0 	33.0 1.0 0.0 	
101.0 14.0 10.0 	101.0 15.0 11.0 	
111.0 114.0 110.0 	115.0 106.0 110.0 	
101.0 14.0 12.0 	101.0 15.0 21.0 	
1.0 0.0 0.0 	10.0 10.0 10.0 	
0.0 1.0 0.0 	11.0 10.0 10.0 	
15.0 16.0 10.0 	101.0 14.0 12.0 	
15.0 16.0 10.0 	101.0 15.0 21.0 	
14.0 16.0 10.0 	101.0 15.0 11.0 	
14.0 16.0 10.0 	101.0 14.0 10.0 	
101.0 15.0 10.0 	115.0 106.0 110.0 	
101.0 15.0 10.0 	111.0 114.0 110.0 	
MAX DIAMETER:	 7
Getting boundary edges
37.0 0.0 0.0 	38.0 0.0 0.0 	
36.0 1.0 0.0 	37.0 1.0 0.0 	
36.0 0.0 0.0 	37.0 0.0 0.0 	
35.0 1.0 0.0 	36.0 1.0 0.0 	
35.0 0.0 0.0 	36.0 0.0 0.0 	
38.0 1.0 0.0 	39.0 1.0 0.0 	
39.0 0.0 0.0 	39.0 1.0 0.0 	
34.0 1.0 0.0 	35.0 1.0 0.0 	
38.0 0.0 0.0 	39.0 0.0 0.0 	
37.0 1.0 0.0 	38.0 1.0 0.0 	
30.0 0.0 0.0 	31.0 0.0 0.0 	
30.0 0.0 0.0 	30.0 1.0 0.0 	
30.0 1.0 0.0 	31.0 1.0 0.0 	
31.0 0.0 0.0 	32.0 0.0 0.0 	
31.0 1.0 0.0 	32.0 1.0 0.0 	
32.0 0.0 0.0 	33.0 0.0 0.0 	
32.0 1.0 0.0 	33.0 1.0 0.0 	
33.0 0.0 0.0 	34.0 0.0 0.0 	
33.0 1.0 0.0 	34.0 1.0 0.0 	
34.0 0.0 0.0 	35.0 0.0 0.0 	
101.0 14.0 10.0 	101.0 15.0 11.0 	
111.0 114.0 110.0 	115.0 106.0 110.0 	
101.0 14.0 12.0 	101.0 15.0 21.0 	
1.0 0.0 0.0 	10.0 10.0 10.0 	
0.0 1.0 0.0 	11.0 10.0 10.0 	
15.0 16.0 10.0 	101.0 14.0 12.0 	
15.0 16.0 10.0 	101.0 15.0 21.0 	
14.0 16.0 10.0 	101.0 15.0 11.0 	
14.0 16.0 10.0 	101.0 14.0 10.0 	
101.0 15.0 10.0 	115.0 106.0 110.0 	
101.0 15.0 10.0 	111.0 114.0 110.0 	
Finding CLOSEST_COMPONENTS 
14.0 16.0 10.0 
15.0 16.0 10.0 
MAX DIAMETER:	 17
Checking IS_CONNECTED
Is connected = true
Number of connected components:	6
Finding CENTROID 
5.3 5.3 5.4 
12.0 12.0 20.6 
34.5 0.5 0.0 
72.0 15.0 10.333333 
72.333336 15.0 14.333333 
109.0 78.333336 76.666664 
Finding CENTROID 
12.0 12.0 20.6 
34.5 0.5 0.0 
72.0 15.0 10.333333 
72.333336 15.0 14.333333 
109.0 78.333336 76.666664 
156.33333 22.916666 22.833334 
Finding CLOSEST_COMPONENTS 
101.0 15.0 10.0 
101.0 15.0 10.0 
Finding CENTROID 
12.0 12.0 20.6 
34.5 0.5 0.0 
72.333336 15.0 14.333333 
79.25 15.0 10.25 
109.0 78.333336 76.666664 
156.33333 22.916666 22.833334 
305.33334 15.0 10.0 
Number of connected components:	7
Mesh type: 	3
Getting boundary edges
101.0 14.0 10.0 	101.0 15.0 10.0 	
38.0 1.0 0.0 	39.0 1.0 0.0 	
39.0 0.0 0.0 	39.0 1.0 0.0 	
38.0 0.0 0.0 	39.0 0.0 0.0 	
37.0 1.0 0.0 	38.0 1.0 0.0 	
37.0 0.0 0.0 	38.0 0.0 0.0 	
36.0 1.0 0.0 	37.0 1.0 0.0 	
36.0 0.0 0.0 	37.0 0.0 0.0 	
35.0 1.0 0.0 	36.0 1.0 0.0 	
35.0 0.0 0.0 	36.0 0.0 0.0 	
30.0 0.0 0.0 	31.0 0.0 0.0 	
30.0 0.0 0.0 	30.0 1.0 0.0 	
30.0 1.0 0.0 	31.0 1.0 0.0 	
31.0 0.0 0.0 	32.0 0.0 0.0 	
31.0 1.0 0.0 	32.0 1.0 0.0 	
32.0 0.0 0.0 	33.0 0.0 0.0 	
32.0 1.0 0.0 	33.0 1.0 0.0 	
33.0 0.0 0.0 	34.0 0.0 0.0 	
33.0 1.0 0.0 	34.0 1.0 0.0 	
34.0 0.0 0.0 	35.0 0.0 0.0 	
34.0 1.0 0.0 	35.0 1.0 0.0 	
101.0 14.0 10.0 	101.0 15.0 11.0 	
111.0 114.0 110.0 	115.0 106.0 110.0 	
101.0 14.0 12.0 	101.0 15.0 21.0 	
401.0 14.0 10.0 	414.0 16.0 10.0 	
1.0 0.0 0.0 	10.0 10.0 10.0 	
0.0 1.0 0.0 	11.0 10.0 10.0 	
15.0 16.0 10.0 	101.0 14.0 12.0 	
15.0 16.0 10.0 	101.0 15.0 21.0 	
14.0 16.0 10.0 	101.0 15.0 10.0 	
14.0 16.0 10.0 	101.0 15.0 11.0 	
101.0 15.0 10.0 	115.0 106.0 110.0 	
101.0 15.0 10.0 	111.0 114.0 110.0 	
101.0 15.0 10.0 	401.0 14.0 10.0 	
101.0 15.0 10.0 	414.0 16.0 10.0 	
11.0 11.0 10.0 	911.0 111.0 110.0 	
11.0 10.0 10.0 	911.0 111.0 110.0 	
11.0 11.0 10.0 	912.0 111.0 110.0 	
11.0 10.0 10.0 	912.0 111.0 110.0 	
Number of connected components:	7
MAX DIAMETER:	 17
